{
 "cells": [
  {
   "cell_type": "code",
   "execution_count": 3,
   "id": "e282852f",
   "metadata": {},
   "outputs": [],
   "source": [
    "import numpy as np \n",
    "\n",
    "banking_data = np.array([\n",
    "    [1001,  45000.75, 720,  45,  3],   # Customer 1\n",
    "    [1002, 128000.00, 810, 120,  8],   # Customer 2\n",
    "    [1003,  32000.50, 580,  22,  1],   # Customer 3\n",
    "    [1004, 890000.25, 885, 210, 12],   # Customer 4\n",
    "    [1005,  75000.00, 695,  78,  5],   # Customer 5\n",
    "    [1006,  18000.90, 540,  15,  2],   # Customer 6\n",
    "    [1007, 650000.40, 845, 180, 10],   # Customer 7\n",
    "    [1008,  95000.60, 760,  95,  6],   # Customer 8\n",
    "    [1009, 420000.00, 790, 150,  9],   # Customer 9\n",
    "    [1010,  28000.30, 610,  38,  4]    # Customer 10\n",
    "])\n",
    "\n",
    "# Column names (for reference)\n",
    "columns = np.array([\n",
    "    \"Customer_ID\", #0\n",
    "    \"Account_Balance\", #1\n",
    "    \"Credit_Score\", #2\n",
    "    \"Transaction_Count\", #3\n",
    "    \"Years_Active\" #4\n",
    "])"
   ]
  },
  {
   "cell_type": "code",
   "execution_count": 13,
   "id": "e051f77d",
   "metadata": {},
   "outputs": [
    {
     "name": "stdout",
     "output_type": "stream",
     "text": [
      " Questions \n",
      "\n",
      " Question 1: Array Creation and Manipulation \n",
      "\n",
      " **Q1.1:** Create a 4x4 identity matrix using `np.eye()`\n",
      "\n",
      "[[1. 0. 0. 0.]\n",
      " [0. 1. 0. 0.]\n",
      " [0. 0. 1. 0.]\n",
      " [0. 0. 0. 1.]]\n",
      "\n",
      "**Q1.2:** Create an array of 8 zeros using `np.zeros()`\n",
      "\n",
      "[0. 0. 0. 0. 0. 0. 0. 0.]\n",
      "\n",
      "**Q1.3:** Create an array of 6 ones using `np.ones()`\n",
      "\n",
      "[1. 1. 1. 1. 1. 1.]\n",
      "\n",
      "**Q1.4:** Create an array with values from 0 to 15 using `np.arange()`\n",
      "\n",
      "[ 0  1  2  3  4  5  6  7  8  9 10 11 12 13 14 15]\n",
      "\n",
      "**Q1.5:** Create an array with 8 evenly spaced values from 0 to 100 using `np.linspace()`\n",
      "\n",
      "[  0.          14.28571429  28.57142857  42.85714286  57.14285714\n",
      "  71.42857143  85.71428571 100.        ]\n"
     ]
    }
   ],
   "source": [
    "print(\" Questions \")\n",
    "\n",
    "print(\"\\n Question 1: Array Creation and Manipulation \")\n",
    "\n",
    "print(\"\\n **Q1.1:** Create a 4x4 identity matrix using `np.eye()`\")\n",
    "print()\n",
    "print(np.eye(4))\n",
    "\n",
    "\n",
    "print(\"\\n**Q1.2:** Create an array of 8 zeros using `np.zeros()`\")\n",
    "print()\n",
    "print(np.zeros(8))\n",
    "\n",
    "\n",
    "print(\"\\n**Q1.3:** Create an array of 6 ones using `np.ones()`\")\n",
    "print()\n",
    "print(np.ones(6))\n",
    "\n",
    "print(\"\\n**Q1.4:** Create an array with values from 0 to 15 using `np.arange()`\")\n",
    "print()\n",
    "print(np.arange(16))\n",
    "\n",
    "print(\"\\n**Q1.5:** Create an array with 8 evenly spaced values from 0 to 100 using `np.linspace()`\")\n",
    "print()\n",
    "print(np.linspace(0, 100, 8))"
   ]
  },
  {
   "cell_type": "code",
   "execution_count": 15,
   "id": "54c96e5b",
   "metadata": {},
   "outputs": [
    {
     "name": "stdout",
     "output_type": "stream",
     "text": [
      " Question 2: Array Attributes and Information \n",
      "**Q2.1:** What is the shape of the `banking_data` array?\n",
      "\n",
      "(10, 5)\n",
      "\n",
      "**Q2.2:** What is the data type of the `banking_data` array?\n",
      "\n",
      "float64\n",
      "\n",
      " *Q2.3:** What is the size (total number of elements) of the `banking_data` array?\n",
      "\n",
      "50\n",
      "\n",
      "**Q2.4:** What is the number of dimensions of the `banking_data` array?\n",
      "\n",
      "2 \n",
      "\n",
      " **Q2.5:** What is the memory size of the `banking_data` array in bytes?\n",
      "\n",
      " 400\n"
     ]
    }
   ],
   "source": [
    "print(\" Question 2: Array Attributes and Information \")\n",
    "\n",
    "print(\"**Q2.1:** What is the shape of the `banking_data` array?\")\n",
    "print()\n",
    "print(banking_data.shape)\n",
    "\n",
    "print(\"\\n**Q2.2:** What is the data type of the `banking_data` array?\")\n",
    "print()\n",
    "print(banking_data.dtype)\n",
    "\n",
    "print(\"\\n *Q2.3:** What is the size (total number of elements) of the `banking_data` array?\")\n",
    "print(f\"\\n{banking_data.size}\")\n",
    "\n",
    "print(\"\\n**Q2.4:** What is the number of dimensions of the `banking_data` array?\")\n",
    "print(f\"\\n{banking_data.ndim} \")\n",
    "\n",
    "print(\"\\n **Q2.5:** What is the memory size of the `banking_data` array in bytes?\")\n",
    "print(f\"\\n {banking_data.nbytes}\")"
   ]
  },
  {
   "cell_type": "code",
   "execution_count": 16,
   "id": "2c486b21",
   "metadata": {},
   "outputs": [
    {
     "name": "stdout",
     "output_type": "stream",
     "text": [
      "\n",
      " Question 3: Indexing and Slicing\n",
      "\n",
      " **Q3.1:** Extract the first row of `banking_data`\n",
      "\n",
      " [1.001000e+03 4.500075e+04 7.200000e+02 4.500000e+01 3.000000e+00] \n",
      "\n",
      " **Q3.2:** Extract the last row of `banking_data`\n",
      "\n",
      " [1.01000e+03 2.80003e+04 6.10000e+02 3.80000e+01 4.00000e+00]\n",
      "\n",
      " **Q3.3:** Extract the Account_Balance column (column index 1)\n",
      "\n",
      " [ 45000.75 128000.    32000.5  890000.25  75000.    18000.9  650000.4\n",
      "  95000.6  420000.    28000.3 ] \n",
      "\n",
      " **Q3.4:** Extract the first 4 rows and first 3 columns\n",
      "\n",
      " [[1.0010000e+03 4.5000750e+04 7.2000000e+02]\n",
      " [1.0020000e+03 1.2800000e+05 8.1000000e+02]\n",
      " [1.0030000e+03 3.2000500e+04 5.8000000e+02]\n",
      " [1.0040000e+03 8.9000025e+05 8.8500000e+02]]\n",
      "\n",
      " **Q3.5:** Extract rows 3 to 7 (inclusive)\n",
      "\n",
      " [[1.0030000e+03 3.2000500e+04 5.8000000e+02 2.2000000e+01 1.0000000e+00]\n",
      " [1.0040000e+03 8.9000025e+05 8.8500000e+02 2.1000000e+02 1.2000000e+01]\n",
      " [1.0050000e+03 7.5000000e+04 6.9500000e+02 7.8000000e+01 5.0000000e+00]\n",
      " [1.0060000e+03 1.8000900e+04 5.4000000e+02 1.5000000e+01 2.0000000e+00]\n",
      " [1.0070000e+03 6.5000040e+05 8.4500000e+02 1.8000000e+02 1.0000000e+01]]\n"
     ]
    }
   ],
   "source": [
    "print(\"\\n Question 3: Indexing and Slicing\")\n",
    "\n",
    "print(\"\\n **Q3.1:** Extract the first row of `banking_data`\")\n",
    "print(f\"\\n {banking_data[0,:]} \")\n",
    "\n",
    "print(\"\\n **Q3.2:** Extract the last row of `banking_data`\")\n",
    "print(f\"\\n {banking_data[-1, :]}\")\n",
    "\n",
    "print(\"\\n **Q3.3:** Extract the Account_Balance column (column index 1)\")\n",
    "print(f\"\\n {banking_data[:, 1]} \")\n",
    "\n",
    "print(\"\\n **Q3.4:** Extract the first 4 rows and first 3 columns\")\n",
    "print(f\"\\n {banking_data[: 4, : 3]}\")\n",
    "\n",
    "print(\"\\n **Q3.5:** Extract rows 3 to 7 (inclusive)\")\n",
    "print(f\"\\n {banking_data[2:7]}\")"
   ]
  },
  {
   "cell_type": "code",
   "execution_count": 22,
   "id": "f8544e4b",
   "metadata": {},
   "outputs": [
    {
     "name": "stdout",
     "output_type": "stream",
     "text": [
      "\n",
      " Question 4: Mathematical Operations\n",
      "\n",
      " **Q4.1:** Calculate the sum of all account balances\n",
      "\n",
      " 2381004\n",
      "\n",
      " **Q4.2:** Calculate the mean account balance\n",
      "\n",
      " 238100\n",
      "\n",
      " **Q4.3:** Calculate the standard deviation of account balances\n",
      "\n",
      " 293134\n",
      "\n",
      " **Q4.4:** Calculate the variance of account balances\n",
      "\n",
      " 85927436576.0926\n",
      "\n",
      " **Q4.5:** Calculate the median account balance \n",
      "\n",
      " 85000\n"
     ]
    }
   ],
   "source": [
    "\n",
    "print(\"\\n Question 4: Mathematical Operations\")\n",
    "\n",
    "print(\"\\n **Q4.1:** Calculate the sum of all account balances\")\n",
    "print(f\"\\n {np.sum(banking_data[:,1]):.0f}\")\n",
    "\n",
    "print(\"\\n **Q4.2:** Calculate the mean account balance\")\n",
    "print(f\"\\n {np.mean(banking_data[:,1]):.0f}\")\n",
    "\n",
    "print(\"\\n **Q4.3:** Calculate the standard deviation of account balances\")\n",
    "print(f\"\\n {np.std(banking_data[:, 1]):.0f}\")\n",
    "\n",
    "print(\"\\n **Q4.4:** Calculate the variance of account balances\")\n",
    "print(f\"\\n {np.var(banking_data[:, 1])}\")\n",
    "\n",
    "print(\"\\n **Q4.5:** Calculate the median account balance \")\n",
    "print(f\"\\n {np.median(banking_data[:, 1]):.0f}\")"
   ]
  },
  {
   "cell_type": "code",
   "execution_count": 23,
   "id": "72697692",
   "metadata": {},
   "outputs": [
    {
     "name": "stdout",
     "output_type": "stream",
     "text": [
      "\n",
      "  Question 5: Statistical Functions \n",
      "\n",
      " **Q5.1:** Find the minimum and maximum account balances\n",
      "\n",
      " minimum : 18000.9, maximum : 890000.25\n",
      "\n",
      " **Q5.2:** Find the minimum and maximum credit scores\n",
      "\n",
      " minimum : 540.0, maximum : 885.0\n",
      "\n",
      " **Q5.3:** Calculate the percentile values for account balances (25th, 50th, 75th)\n",
      "\n",
      " [631.25 740.   805.  ]\n",
      "\n",
      " **Q5.4:** Calculate the correlation between account balance and credit score\n",
      "\n",
      " 0.7775637610022208\n",
      "\n",
      " **Q5.5:** Calculate the covariance between account balance and credit score\n",
      "\n",
      " [[9.54749295e+10 2.79790375e+07]\n",
      " [2.79790375e+07 1.35613889e+04]]\n"
     ]
    }
   ],
   "source": [
    "print(\"\\n  Question 5: Statistical Functions \")\n",
    "\n",
    "print(\"\\n **Q5.1:** Find the minimum and maximum account balances\")\n",
    "print(f\"\\n minimum : {np.min(banking_data[:, 1])}, maximum : {np.max(banking_data[:, 1])}\")\n",
    "\n",
    "print(\"\\n **Q5.2:** Find the minimum and maximum credit scores\")\n",
    "print(f\"\\n minimum : {np.min(banking_data[:, 2])}, maximum : {np.max(banking_data[:, 2])}\")\n",
    "     \n",
    "\n",
    "print(\"\\n **Q5.3:** Calculate the percentile values for account balances (25th, 50th, 75th)\")\n",
    "print(f\"\\n {np.percentile(banking_data[:, 2], [25, 50, 75])}\")\n",
    "\n",
    "print(\"\\n **Q5.4:** Calculate the correlation between account balance and credit score\")\n",
    "print(f\"\\n {np.corrcoef(banking_data[:, 1], banking_data[:, 2])[0, 1]}\")\n",
    "\n",
    "print(\"\\n **Q5.5:** Calculate the covariance between account balance and credit score\")\n",
    "print(f\"\\n {np.cov(banking_data[:, 1], banking_data[:, 2])}\")"
   ]
  },
  {
   "cell_type": "code",
   "execution_count": 29,
   "id": "30f083b0",
   "metadata": {},
   "outputs": [
    {
     "name": "stdout",
     "output_type": "stream",
     "text": [
      "\n",
      "  Question 6: Array Reshaping and Manipulation\n",
      "\n",
      " **Q6.1:** Reshape the `banking_data` to 5 rows × 10 columns\n",
      "\n",
      " [[1.0010000e+03 4.5000750e+04 7.2000000e+02 4.5000000e+01 3.0000000e+00\n",
      "  1.0020000e+03 1.2800000e+05 8.1000000e+02 1.2000000e+02 8.0000000e+00]\n",
      " [1.0030000e+03 3.2000500e+04 5.8000000e+02 2.2000000e+01 1.0000000e+00\n",
      "  1.0040000e+03 8.9000025e+05 8.8500000e+02 2.1000000e+02 1.2000000e+01]\n",
      " [1.0050000e+03 7.5000000e+04 6.9500000e+02 7.8000000e+01 5.0000000e+00\n",
      "  1.0060000e+03 1.8000900e+04 5.4000000e+02 1.5000000e+01 2.0000000e+00]\n",
      " [1.0070000e+03 6.5000040e+05 8.4500000e+02 1.8000000e+02 1.0000000e+01\n",
      "  1.0080000e+03 9.5000600e+04 7.6000000e+02 9.5000000e+01 6.0000000e+00]\n",
      " [1.0090000e+03 4.2000000e+05 7.9000000e+02 1.5000000e+02 9.0000000e+00\n",
      "  1.0100000e+03 2.8000300e+04 6.1000000e+02 3.8000000e+01 4.0000000e+00]]\n",
      "\n",
      " **Q6.2:** Flatten the `banking_data` to a 1D array\n",
      "\n",
      " [1.0010000e+03 4.5000750e+04 7.2000000e+02 4.5000000e+01 3.0000000e+00\n",
      " 1.0020000e+03 1.2800000e+05 8.1000000e+02 1.2000000e+02 8.0000000e+00\n",
      " 1.0030000e+03 3.2000500e+04 5.8000000e+02 2.2000000e+01 1.0000000e+00\n",
      " 1.0040000e+03 8.9000025e+05 8.8500000e+02 2.1000000e+02 1.2000000e+01\n",
      " 1.0050000e+03 7.5000000e+04 6.9500000e+02 7.8000000e+01 5.0000000e+00\n",
      " 1.0060000e+03 1.8000900e+04 5.4000000e+02 1.5000000e+01 2.0000000e+00\n",
      " 1.0070000e+03 6.5000040e+05 8.4500000e+02 1.8000000e+02 1.0000000e+01\n",
      " 1.0080000e+03 9.5000600e+04 7.6000000e+02 9.5000000e+01 6.0000000e+00\n",
      " 1.0090000e+03 4.2000000e+05 7.9000000e+02 1.5000000e+02 9.0000000e+00\n",
      " 1.0100000e+03 2.8000300e+04 6.1000000e+02 3.8000000e+01 4.0000000e+00]\n",
      "\n",
      " **Q6.3:** Transpose the `banking_data`\n",
      "\n",
      " [[1.0010000e+03 1.0020000e+03 1.0030000e+03 1.0040000e+03 1.0050000e+03\n",
      "  1.0060000e+03 1.0070000e+03 1.0080000e+03 1.0090000e+03 1.0100000e+03]\n",
      " [4.5000750e+04 1.2800000e+05 3.2000500e+04 8.9000025e+05 7.5000000e+04\n",
      "  1.8000900e+04 6.5000040e+05 9.5000600e+04 4.2000000e+05 2.8000300e+04]\n",
      " [7.2000000e+02 8.1000000e+02 5.8000000e+02 8.8500000e+02 6.9500000e+02\n",
      "  5.4000000e+02 8.4500000e+02 7.6000000e+02 7.9000000e+02 6.1000000e+02]\n",
      " [4.5000000e+01 1.2000000e+02 2.2000000e+01 2.1000000e+02 7.8000000e+01\n",
      "  1.5000000e+01 1.8000000e+02 9.5000000e+01 1.5000000e+02 3.8000000e+01]\n",
      " [3.0000000e+00 8.0000000e+00 1.0000000e+00 1.2000000e+01 5.0000000e+00\n",
      "  2.0000000e+00 1.0000000e+01 6.0000000e+00 9.0000000e+00 4.0000000e+00]]\n",
      "\n",
      " **Q6.4:** Split the `banking_data` into 2 equal parts vertically\n",
      "\n",
      " [array([[1.0010000e+03, 4.5000750e+04, 7.2000000e+02, 4.5000000e+01,\n",
      "        3.0000000e+00],\n",
      "       [1.0020000e+03, 1.2800000e+05, 8.1000000e+02, 1.2000000e+02,\n",
      "        8.0000000e+00],\n",
      "       [1.0030000e+03, 3.2000500e+04, 5.8000000e+02, 2.2000000e+01,\n",
      "        1.0000000e+00],\n",
      "       [1.0040000e+03, 8.9000025e+05, 8.8500000e+02, 2.1000000e+02,\n",
      "        1.2000000e+01],\n",
      "       [1.0050000e+03, 7.5000000e+04, 6.9500000e+02, 7.8000000e+01,\n",
      "        5.0000000e+00]]), array([[1.006000e+03, 1.800090e+04, 5.400000e+02, 1.500000e+01,\n",
      "        2.000000e+00],\n",
      "       [1.007000e+03, 6.500004e+05, 8.450000e+02, 1.800000e+02,\n",
      "        1.000000e+01],\n",
      "       [1.008000e+03, 9.500060e+04, 7.600000e+02, 9.500000e+01,\n",
      "        6.000000e+00],\n",
      "       [1.009000e+03, 4.200000e+05, 7.900000e+02, 1.500000e+02,\n",
      "        9.000000e+00],\n",
      "       [1.010000e+03, 2.800030e+04, 6.100000e+02, 3.800000e+01,\n",
      "        4.000000e+00]])]\n",
      "\n",
      " **Q6.5:** Split the `banking_data` into 2 equal parts horizontally\n"
     ]
    }
   ],
   "source": [
    "print(\"\\n  Question 6: Array Reshaping and Manipulation\")\n",
    "\n",
    "print(\"\\n **Q6.1:** Reshape the `banking_data` to 5 rows × 10 columns\")\n",
    "banking_data_copy = banking_data.copy()\n",
    "print(f\"\\n {banking_data_copy.reshape(5, 10)}\")\n",
    "\n",
    "print(\"\\n **Q6.2:** Flatten the `banking_data` to a 1D array\")\n",
    "print(f\"\\n {banking_data_copy.flatten()}\")\n",
    "\n",
    "print(\"\\n **Q6.3:** Transpose the `banking_data`\")\n",
    "print(f\"\\n {banking_data.T}\")\n",
    "\n",
    "print(\"\\n **Q6.4:** Split the `banking_data` into 2 equal parts vertically\")\n",
    "print(f\"\\n {np.vsplit(banking_data, 2)}\")\n",
    "\n",
    "print(\"\\n **Q6.5:** Split the `banking_data` into 2 equal parts horizontally\")\n",
    "## print(f\"\\n {np.hsplit(banking_data, 2)}\")"
   ]
  },
  {
   "cell_type": "code",
   "execution_count": null,
   "id": "85be57dd",
   "metadata": {},
   "outputs": [
    {
     "name": "stdout",
     "output_type": "stream",
     "text": [
      "\n",
      "  Question 7: Logical Operations and Filtering \n",
      "\n",
      " **Q7.1:** Find customers with account balance greater than $100,000\n",
      "\n",
      " [[1.0020000e+03 1.2800000e+05 8.1000000e+02 1.2000000e+02 8.0000000e+00]\n",
      " [1.0040000e+03 8.9000025e+05 8.8500000e+02 2.1000000e+02 1.2000000e+01]\n",
      " [1.0070000e+03 6.5000040e+05 8.4500000e+02 1.8000000e+02 1.0000000e+01]\n",
      " [1.0090000e+03 4.2000000e+05 7.9000000e+02 1.5000000e+02 9.0000000e+00]] \n",
      "\n",
      " **Q7.2:** Find customers with credit score greater than 800\n",
      "\n",
      " [[1.0020000e+03 1.2800000e+05 8.1000000e+02 1.2000000e+02 8.0000000e+00]\n",
      " [1.0040000e+03 8.9000025e+05 8.8500000e+02 2.1000000e+02 1.2000000e+01]\n",
      " [1.0070000e+03 6.5000040e+05 8.4500000e+02 1.8000000e+02 1.0000000e+01]]\n",
      "\n",
      " **Q7.3:** Find customers with transaction count greater than 50 AND credit score less than 750\n",
      "\n",
      " [[1.005e+03 7.500e+04 6.950e+02 7.800e+01 5.000e+00]]\n",
      "\n",
      " **Q7.4:** Count how many customers have account balance between $10,000 and $100,000\n",
      "\n",
      " 303255.05\n",
      "\n",
      " **Q7.5:** Find the index of the customer with the highest credit score\n",
      "\n",
      " 3\n"
     ]
    }
   ],
   "source": [
    "print(\"\\n  Question 7: Logical Operations and Filtering \")\n",
    "\n",
    "print(\"\\n **Q7.1:** Find customers with account balance greater than $100,000\")\n",
    "print(f\"\\n {banking_data[banking_data[:, 1] > 100000]} \")\n",
    "\n",
    "print(\"\\n **Q7.2:** Find customers with credit score greater than 800\")\n",
    "print(f\"\\n {banking_data[banking_data[:, 2] > 800]}\")\n",
    "\n",
    "print(\"\\n **Q7.3:** Find customers with transaction count greater than 50 AND credit score less than 750\")\n",
    "print(f\"\\n {banking_data[(banking_data[:, 3] > 50) & (banking_data[:, 2] < 750)]}\")\n",
    "\n",
    "print(\"\\n **Q7.4:** Count how many customers have account balance between $10,000 and $100,000\")\n",
    "print(f\"\\n {np.sum(banking_data[(banking_data[:, 1]> 10000) & (banking_data[:, 1] < 100000)])}\")\n",
    "\n",
    "print(\"\\n **Q7.5:** Find the index of the customer with the highest credit score\")\n",
    "print(f\"\\n {np.argmax(banking_data[:, 2])}\")"
   ]
  },
  {
   "cell_type": "code",
   "execution_count": 4,
   "id": "aed7ce5f",
   "metadata": {},
   "outputs": [
    {
     "name": "stdout",
     "output_type": "stream",
     "text": [
      "\n",
      "  Question 8: Sorting and Searching\n",
      "\n",
      " **Q8.1:** Sort the `banking_data` by account balance (ascending)\n",
      "\n",
      " [[1.0060000e+03 1.8000900e+04 5.4000000e+02 1.5000000e+01 2.0000000e+00]\n",
      " [1.0100000e+03 2.8000300e+04 6.1000000e+02 3.8000000e+01 4.0000000e+00]\n",
      " [1.0030000e+03 3.2000500e+04 5.8000000e+02 2.2000000e+01 1.0000000e+00]\n",
      " [1.0010000e+03 4.5000750e+04 7.2000000e+02 4.5000000e+01 3.0000000e+00]\n",
      " [1.0050000e+03 7.5000000e+04 6.9500000e+02 7.8000000e+01 5.0000000e+00]\n",
      " [1.0080000e+03 9.5000600e+04 7.6000000e+02 9.5000000e+01 6.0000000e+00]\n",
      " [1.0020000e+03 1.2800000e+05 8.1000000e+02 1.2000000e+02 8.0000000e+00]\n",
      " [1.0090000e+03 4.2000000e+05 7.9000000e+02 1.5000000e+02 9.0000000e+00]\n",
      " [1.0070000e+03 6.5000040e+05 8.4500000e+02 1.8000000e+02 1.0000000e+01]\n",
      " [1.0040000e+03 8.9000025e+05 8.8500000e+02 2.1000000e+02 1.2000000e+01]] \n",
      "\n",
      " **Q8.2:** Sort the `banking_data` by credit score (descending)\n",
      "\n",
      " [[1.0040000e+03 8.9000025e+05 8.8500000e+02 2.1000000e+02 1.2000000e+01]\n",
      " [1.0070000e+03 6.5000040e+05 8.4500000e+02 1.8000000e+02 1.0000000e+01]\n",
      " [1.0020000e+03 1.2800000e+05 8.1000000e+02 1.2000000e+02 8.0000000e+00]\n",
      " [1.0090000e+03 4.2000000e+05 7.9000000e+02 1.5000000e+02 9.0000000e+00]\n",
      " [1.0080000e+03 9.5000600e+04 7.6000000e+02 9.5000000e+01 6.0000000e+00]\n",
      " [1.0010000e+03 4.5000750e+04 7.2000000e+02 4.5000000e+01 3.0000000e+00]\n",
      " [1.0050000e+03 7.5000000e+04 6.9500000e+02 7.8000000e+01 5.0000000e+00]\n",
      " [1.0100000e+03 2.8000300e+04 6.1000000e+02 3.8000000e+01 4.0000000e+00]\n",
      " [1.0030000e+03 3.2000500e+04 5.8000000e+02 2.2000000e+01 1.0000000e+00]\n",
      " [1.0060000e+03 1.8000900e+04 5.4000000e+02 1.5000000e+01 2.0000000e+00]]\n",
      "\n",
      " **Q8.3:** Find the indices that would sort the array by years active\n",
      "\n",
      " [[1.0030000e+03 3.2000500e+04 5.8000000e+02 2.2000000e+01 1.0000000e+00]\n",
      " [1.0060000e+03 1.8000900e+04 5.4000000e+02 1.5000000e+01 2.0000000e+00]\n",
      " [1.0010000e+03 4.5000750e+04 7.2000000e+02 4.5000000e+01 3.0000000e+00]\n",
      " [1.0100000e+03 2.8000300e+04 6.1000000e+02 3.8000000e+01 4.0000000e+00]\n",
      " [1.0050000e+03 7.5000000e+04 6.9500000e+02 7.8000000e+01 5.0000000e+00]\n",
      " [1.0080000e+03 9.5000600e+04 7.6000000e+02 9.5000000e+01 6.0000000e+00]\n",
      " [1.0020000e+03 1.2800000e+05 8.1000000e+02 1.2000000e+02 8.0000000e+00]\n",
      " [1.0090000e+03 4.2000000e+05 7.9000000e+02 1.5000000e+02 9.0000000e+00]\n",
      " [1.0070000e+03 6.5000040e+05 8.4500000e+02 1.8000000e+02 1.0000000e+01]\n",
      " [1.0040000e+03 8.9000025e+05 8.8500000e+02 2.1000000e+02 1.2000000e+01]]\n",
      "\n",
      " **Q8.4:** Find the customer with the second highest account balance\n",
      "\n",
      " [1.007000e+03 6.500004e+05 8.450000e+02 1.800000e+02 1.000000e+01] \n",
      "\n",
      " **Q8.5:** Find the customer with the lowest transaction count\n",
      "\n",
      " [1.00600e+03 1.80009e+04 5.40000e+02 1.50000e+01 2.00000e+00]\n",
      "\n",
      " **Q9.1:** Calculate the absolute values of all elements\n",
      "\n",
      " [[1.0010000e+03 4.5000750e+04 7.2000000e+02 4.5000000e+01 3.0000000e+00]\n",
      " [1.0020000e+03 1.2800000e+05 8.1000000e+02 1.2000000e+02 8.0000000e+00]\n",
      " [1.0030000e+03 3.2000500e+04 5.8000000e+02 2.2000000e+01 1.0000000e+00]\n",
      " [1.0040000e+03 8.9000025e+05 8.8500000e+02 2.1000000e+02 1.2000000e+01]\n",
      " [1.0050000e+03 7.5000000e+04 6.9500000e+02 7.8000000e+01 5.0000000e+00]\n",
      " [1.0060000e+03 1.8000900e+04 5.4000000e+02 1.5000000e+01 2.0000000e+00]\n",
      " [1.0070000e+03 6.5000040e+05 8.4500000e+02 1.8000000e+02 1.0000000e+01]\n",
      " [1.0080000e+03 9.5000600e+04 7.6000000e+02 9.5000000e+01 6.0000000e+00]\n",
      " [1.0090000e+03 4.2000000e+05 7.9000000e+02 1.5000000e+02 9.0000000e+00]\n",
      " [1.0100000e+03 2.8000300e+04 6.1000000e+02 3.8000000e+01 4.0000000e+00]]\n",
      "\n",
      " **Q9.2:** Calculate the square root of all account balances\n",
      "\n",
      " [212.13380212 357.7708764  178.88683574 943.39824571 273.86127875\n",
      " 134.16743271 806.2260229  308.22167348 648.07406984 167.33290173]\n",
      "\n",
      " **Q9.3:** Calculate the square of all credit scores\n",
      "\n",
      " [518400. 656100. 336400. 783225. 483025. 291600. 714025. 577600. 624100.\n",
      " 372100.]\n",
      "\n",
      " **Q9.4:** Calculate the exponential of all transaction counts\n",
      "\n",
      " [3.49342711e+19 1.30418088e+52 3.58491285e+09 1.59162664e+91\n",
      " 7.49841700e+33 3.26901737e+06 1.48938420e+78 1.81123908e+41\n",
      " 1.39370958e+65 3.18559318e+16]\n",
      "\n",
      " **Q9.5:** Calculate the natural logarithm of all account balances\n",
      "\n",
      " [10.71443444 11.75978554 10.37350681 13.69897702 11.22524339  9.79817704\n",
      " 13.38472826 11.46163849 12.94800999 10.2399705 ]\n"
     ]
    }
   ],
   "source": [
    "print(\"\\n  Question 8: Sorting and Searching\")\n",
    "\n",
    "print(\"\\n **Q8.1:** Sort the `banking_data` by account balance (ascending)\")\n",
    "print(f\"\\n {banking_data[banking_data[:, 1].argsort()]} \")\n",
    "\n",
    "print(\"\\n **Q8.2:** Sort the `banking_data` by credit score (descending)\")\n",
    "print(f\"\\n {(banking_data[np.argsort(-banking_data[:, 2])])}\")\n",
    "\n",
    "print(\"\\n **Q8.3:** Find the indices that would sort the array by years active\")\n",
    "print(f\"\\n {banking_data[banking_data[:, 4].argsort()]}\")\n",
    "\n",
    "print(\"\\n **Q8.4:** Find the customer with the second highest account balance\")\n",
    "print(f\"\\n {banking_data[np.argsort(banking_data[:, 1])[::-1][1]]} \")\n",
    "\n",
    "print(\"\\n **Q8.5:** Find the customer with the lowest transaction count\")\n",
    "print(f\"\\n {banking_data[np.argsort(banking_data[:, 3])[0]]}\")\n",
    "\n",
    "### Question 9: Mathematical Functions\n",
    "\n",
    "print(\"\\n **Q9.1:** Calculate the absolute values of all elements\")\n",
    "print(f\"\\n {np.abs(banking_data)}\")\n",
    "\n",
    "print(\"\\n **Q9.2:** Calculate the square root of all account balances\")\n",
    "print(f\"\\n {np.sqrt(banking_data[:, 1])}\")\n",
    "\n",
    "print(\"\\n **Q9.3:** Calculate the square of all credit scores\")\n",
    "print(f\"\\n {np.square(banking_data[:, 2])}\")\n",
    "\n",
    "print(\"\\n **Q9.4:** Calculate the exponential of all transaction counts\")\n",
    "print(f\"\\n {np.exp(banking_data[:, 3])}\")\n",
    "\n",
    "print(\"\\n **Q9.5:** Calculate the natural logarithm of all account balances\")\n",
    "print(f\"\\n {np.log(banking_data[:, 1])}\")"
   ]
  },
  {
   "cell_type": "code",
   "execution_count": null,
   "id": "c9f0c520",
   "metadata": {},
   "outputs": [
    {
     "name": "stdout",
     "output_type": "stream",
     "text": [
      "\n",
      " Question 10: Advanced Operations\n",
      "\n",
      " **Q10.1:** Calculate the cumulative sum of account balances\n",
      "\n",
      " [ 420000.   1070000.4  1098000.7  1193001.3  1321001.3  1396001.3\n",
      " 1441002.05 2331002.3  2363002.8  2381003.7 ] \n",
      "\n",
      " **Q10.2:** Calculate the cumulative product of transaction counts\n",
      "\n",
      " [1.50000000e+02 2.70000000e+04 1.02600000e+06 9.74700000e+07\n",
      " 1.16964000e+10 9.12319200e+11 4.10543640e+13 8.62141644e+15\n",
      " 1.89671162e+17 2.84506743e+18]\n",
      "\n",
      " **Q10.3:** Calculate the difference between consecutive account balances\n",
      "\n",
      " [ 230000.4  -622000.1    67000.3    32999.4   -53000.    -29999.25\n",
      "  844999.5  -857999.75  -13999.6 ]\n",
      "\n",
      " **Q10.4:** Calculate the gradient of account balances\n",
      "\n",
      " [ 230000.4   -195999.85  -277499.9     49999.85   -10000.3    -41499.625\n",
      "  407500.125   -6500.125 -435999.675  -13999.6  ]\n",
      "\n",
      " **Q10.5:** Calculate the histogram of account balances with 5 bins\n",
      "\n",
      " (array([7, 0, 1, 1, 1]), array([ 18000.9 , 192400.77, 366800.64, 541200.51, 715600.38, 890000.25]))\n",
      "\n",
      " Question 11: Random Numbers and Simulation\n",
      "\n",
      " **Q11.1:** Generate 6 random integers between 1 and 1000\n",
      "\n",
      " [596 107 124 570 215 738]\n",
      "\n",
      " **Q11.2:** Generate 6 random floats between 0 and 1\n",
      "\n",
      " [0.68482974 0.4809319  0.39211752 0.34317802 0.72904971 0.43857224]\n",
      "\n",
      " **Q11.3:** Generate 6 random numbers from normal distribution (mean=700, std=100)\n",
      "\n",
      " [685.66275259 638.08090993 623.05665285 757.67460214 712.65259202\n",
      " 569.85110255]\n",
      "\n",
      " **Q11.4:** Shuffle the `banking_data` rows randomly\n",
      "\n",
      " None\n",
      "\n",
      " **Q11.5:** Set random seed to 123 and generate 4 random numbers\n",
      "\n",
      " [0.69646919 0.28613933 0.22685145 0.55131477]\n",
      "\n",
      " Question 12: Linear Algebra Operations\n",
      "\n",
      " **Q12.1:** Calculate the dot product of account balance and credit score columns\n",
      "\n",
      " 1974467514.25\n",
      "\n",
      " **Q12.2:** Calculate the cross product of first two rows\n",
      "\n",
      " [ 5.18119887e+08  2.81410000e+05 -8.70787951e+08]\n",
      "\n",
      " **Q12.3:** Calculate the norm (magnitude) of the account balance column\n",
      "\n",
      " 1194232.9034582388\n",
      " \n",
      " **Q12.4:** Create a 3x3 matrix and calculate its determinant\n",
      "[[4 7 8]\n",
      " [4 8 9]\n",
      " [1 2 3]]\n",
      "\n",
      " 2.9999999999999996\n",
      "\n",
      " **Q12.5:** Calculate the inverse of the 3x3 matrix\n",
      "\n",
      " [[ 2.         -1.66666667 -0.33333333]\n",
      " [-1.          1.33333333 -1.33333333]\n",
      " [ 0.         -0.33333333  1.33333333]]\n",
      "\n",
      " Question 13: String Operations\n",
      "\n",
      " **Q13.1:** Convert all customer IDs to strings\n",
      "\n",
      " ['1004.0' '1010.0' '1006.0' '1001.0' '1008.0' '1007.0' '1009.0' '1005.0'\n",
      " '1003.0' '1002.0']\n",
      "\n",
      " **Q13.2:** Check if any customer ID contains '100'\n",
      "\n",
      " False\n",
      " \n",
      " **Q13.3:** Convert all customer IDs to uppercase (if they were strings)\n",
      "\n",
      " ['1004.0' '1010.0' '1006.0' '1001.0' '1008.0' '1007.0' '1009.0' '1005.0'\n",
      " '1003.0' '1002.0']\n",
      "\n",
      " **Q13.4:** Count the length of each customer ID string\n",
      "\n",
      " [6 6 6 6 6 6 6 6 6 6]\n",
      "\n",
      " **Q13.5:** Replace '100' with 'CUST' in customer IDs\n",
      "\n",
      " ['CUST4.0' '1010.0' 'CUST6.0' 'CUST1.0' 'CUST8.0' 'CUST7.0' 'CUST9.0'\n",
      " 'CUST5.0' 'CUST3.0' 'CUST2.0'] \n"
     ]
    }
   ],
   "source": [
    "\n",
    "print(\"\\n Question 10: Advanced Operations\")\n",
    "\n",
    "print(\"\\n **Q10.1:** Calculate the cumulative sum of account balances\")\n",
    "print(f\"\\n {np.cumsum(banking_data[:,1])} \")\n",
    "\n",
    "print(\"\\n **Q10.2:** Calculate the cumulative product of transaction counts\")\n",
    "print(f\"\\n {np.cumprod(banking_data[:,3])}\")\n",
    "\n",
    "print(\"\\n **Q10.3:** Calculate the difference between consecutive account balances\")\n",
    "print(f\"\\n {np.diff(banking_data[:, 1])}\")\n",
    "\n",
    "print(\"\\n **Q10.4:** Calculate the gradient of account balances\")\n",
    "print(f\"\\n {np.gradient(banking_data[:, 1])}\")\n",
    "\n",
    "print(\"\\n **Q10.5:** Calculate the histogram of account balances with 5 bins\") \n",
    "print(f\"\\n {np.histogram(banking_data[:, 1], bins = 5)}\")\n",
    "\n",
    "print(\"\\n Question 11: Random Numbers and Simulation\")\n",
    "\n",
    "print(\"\\n **Q11.1:** Generate 6 random integers between 1 and 1000\") \n",
    "print(f\"\\n {np.random.randint(1, 1001, 6)}\")\n",
    "\n",
    "print(\"\\n **Q11.2:** Generate 6 random floats between 0 and 1\") \n",
    "print(f\"\\n {np.random.rand(6)}\")\n",
    "\n",
    "print(\"\\n **Q11.3:** Generate 6 random numbers from normal distribution (mean=700, std=100)\") \n",
    "print(f\"\\n {np.random.normal(700, 100, 6)}\")\n",
    "\n",
    "print(\"\\n **Q11.4:** Shuffle the `banking_data` rows randomly\") \n",
    "print(f\"\\n {np.random.shuffle(banking_data)}\")\n",
    "\n",
    "print(\"\\n **Q11.5:** Set random seed to 123 and generate 4 random numbers\") \n",
    "np.random.seed(123)\n",
    "print(f\"\\n {np.random.rand(4)}\")\n",
    "\n",
    "print(\"\\n Question 12: Linear Algebra Operations\")\n",
    "\n",
    "print(\"\\n **Q12.1:** Calculate the dot product of account balance and credit score columns\") \n",
    "print(f\"\\n {np.dot(banking_data[:, 1], banking_data[:, 2])}\")\n",
    "\n",
    "print(\"\\n **Q12.2:** Calculate the cross product of first two rows\") \n",
    "print(f\"\\n {np.cross(banking_data[0, :3], banking_data[1, :3])}\")\n",
    "\n",
    "print(\"\\n **Q12.3:** Calculate the norm (magnitude) of the account balance column\")\n",
    "print(f\"\\n {np.linalg.norm(banking_data[:, 1])}\")\n",
    "\n",
    "print(\" \\n **Q12.4:** Create a 3x3 matrix and calculate its determinant\") \n",
    "A = np.array([[4, 7, 8],\n",
    "            [4, 8, 9],\n",
    "            [1, 2, 3]])\n",
    "print(A)\n",
    "print(f\"\\n {np.linalg.det(A)}\")\n",
    "\n",
    "print(\"\\n **Q12.5:** Calculate the inverse of the 3x3 matrix\") \n",
    "print(f\"\\n {np.linalg.inv(A)}\")\n",
    "\n",
    "print(\"\\n Question 13: String Operations\")\n",
    "\n",
    "print(\"\\n **Q13.1:** Convert all customer IDs to strings\") \n",
    "customer_ids = banking_data[:, 0].astype(str)\n",
    "print(f\"\\n {customer_ids}\")\n",
    "\n",
    "print(\"\\n **Q13.2:** Check if any customer ID contains '100'\")\n",
    "print(f\"\\n {np.any(np.char.find(customer_ids, '100') > 0)}\")\n",
    "\n",
    "print(\" \\n **Q13.3:** Convert all customer IDs to uppercase (if they were strings)\") \n",
    "print(f\"\\n {np.char.upper(customer_ids)}\")\n",
    "\n",
    "print(\"\\n **Q13.4:** Count the length of each customer ID string\") \n",
    "print(f\"\\n {np.char.str_len(customer_ids)}\")\n",
    "\n",
    "print(\"\\n **Q13.5:** Replace '100' with 'CUST' in customer IDs\") \n",
    "print(f\"\\n {np.char.replace(customer_ids, '100', 'CUST')} \")\n"
   ]
  },
  {
   "cell_type": "code",
   "execution_count": 33,
   "id": "023723d3",
   "metadata": {},
   "outputs": [
    {
     "name": "stdout",
     "output_type": "stream",
     "text": [
      "\n",
      " Question 14: Date and Time Operations\n",
      "\n",
      " **Q14.1:** Convert years active to months\n",
      "\n",
      " [144.  48.  24.  36.  72. 120. 108.  60.  12.  96.]\n",
      "\n",
      " **Q14.2:** Calculate the average years active\n",
      "\n",
      " 6.0\n",
      "\n",
      " **Q14.3:** Find customers who have been active for more than 5 years\n",
      "\n",
      " [[1.0040000e+03 8.9000025e+05 8.8500000e+02 2.1000000e+02 1.2000000e+01]\n",
      " [1.0080000e+03 9.5000600e+04 7.6000000e+02 9.5000000e+01 6.0000000e+00]\n",
      " [1.0070000e+03 6.5000040e+05 8.4500000e+02 1.8000000e+02 1.0000000e+01]\n",
      " [1.0090000e+03 4.2000000e+05 7.9000000e+02 1.5000000e+02 9.0000000e+00]\n",
      " [1.0020000e+03 1.2800000e+05 8.1000000e+02 1.2000000e+02 8.0000000e+00]]\n",
      "\n",
      " **Q14.4:** Calculate the total time all customers have been active (in years)\n",
      "\n",
      " 60.0\n",
      "\n",
      " **Q14.5:** Find the customer with the shortest time active\n",
      "\n",
      " [1.00300e+03 3.20005e+04 5.80000e+02 2.20000e+01 1.00000e+00]\n",
      "\n",
      "  Question 15: Advanced Array Operations\n",
      "\n",
      " **Q15.1:** Apply a function to calculate 5% interest on all account balances\n",
      "\n",
      " [934500.2625  29400.315   18900.945   47250.7875  99750.63   682500.42\n",
      " 441000.      78750.      33600.525  134400.    ]\n",
      "\n",
      " **Q15.2:** Use `np.where` to categorize customers by balance ranges\n",
      "\n",
      " [' high_balance ' 'low_balance' 'low_balance' 'low_balance' 'low_balance'\n",
      " ' high_balance ' ' high_balance ' 'low_balance' 'low_balance'\n",
      " ' high_balance ']\n",
      "\n",
      " **Q15.3:** Use `np.select` to categorize customers by credit score ranges\n",
      "\n",
      " ['excellent' 'fair' 'poor' 'excellent' 'excellent' 'excellent' 'excellent'\n",
      " 'fair' 'poor' 'excellent']\n",
      "\n",
      " **Q15.4:** Use `np.piecewise` to apply different interest rates based on balance\n",
      "\n",
      " [1335000.375   28000.3     18000.9     45000.75    95000.6    975000.6\n",
      "  630000.      75000.      32000.5    128000.   ]\n",
      "\n",
      " **Q15.5:** Use `np.apply_along_axis` to calculate the sum of each row\n",
      "\n",
      " [892111.25  29662.3   19563.9   46769.75  96869.6  652042.4  421958.\n",
      "  76783.    33606.5  129940.  ]\n",
      "\n",
      " Question 16: Array Concatenation and Stacking\n",
      "\n",
      " **Q16.1:** Concatenate two arrays horizontally using `np.hstack()`\n",
      "\n",
      " [1 2 3 4 5 6]\n",
      "\n",
      " **Q16.2:** Concatenate two arrays vertically using `np.vstack()`\n",
      "\n",
      " [[1 2 3]\n",
      " [4 5 6]] \n",
      "\n",
      " **Q16.3:** Concatenate arrays along a specific axis using `np.concatenate()`\n",
      "\n",
      " [1 2 3 4 5 6]\n",
      "\n",
      " **Q16.4:** Stack arrays depth-wise using `np.dstack()`\n",
      "\n",
      " [[[1 4]\n",
      "  [2 5]\n",
      "  [3 6]]]\n",
      "\n",
      " **Q16.5:** Create a column stack using `np.column_stack()`\n",
      "\n",
      " [[1 4]\n",
      " [2 5]\n",
      " [3 6]]\n",
      "\n",
      "  Question 17: Array Splitting Operations \n",
      "\n",
      " **Q17.1:** Split an array into 3 equal parts using `np.split()`\n",
      "\n",
      " [array([0, 1, 2, 3]), array([4, 5, 6, 7]), array([ 8,  9, 10, 11])]\n",
      "\n",
      " **Q17.2:** Split an array at specific indices using `np.split()`\n",
      "\n",
      " [array([0, 1, 2]), array([3, 4, 5, 6]), array([ 7,  8,  9, 10, 11])]\n",
      "\n",
      " **Q17.3:** Split an array horizontally using `np.hsplit()`\n",
      "\n",
      " [array([0, 1, 2, 3, 4, 5]), array([ 6,  7,  8,  9, 10, 11])]\n",
      "\n",
      " **Q17.4:** Split an array vertically using `np.vsplit()`\n",
      "\n",
      " [array([[0, 1, 2],\n",
      "       [3, 4, 5]]), array([[ 6,  7,  8],\n",
      "       [ 9, 10, 11]])]\n",
      "\n",
      " **Q17.5:** Split an array into equal chunks using `np.array_split()`\n",
      "\n",
      " [array([[0, 1, 2]]), array([[3, 4, 5]]), array([[6, 7, 8]]), array([[ 9, 10, 11]]), array([], shape=(0, 3), dtype=int64)]\n",
      "\n",
      "  Question 18: Array Repetition and Tiling \n",
      "\n",
      " **Q18.1:** Repeat each element of an array 3 times using `np.repeat()`\n",
      "\n",
      " [ 0  0  0  1  1  1  2  2  2  3  3  3  4  4  4  5  5  5  6  6  6  7  7  7\n",
      "  8  8  8  9  9  9 10 10 10 11 11 11]\n",
      "\n",
      " **Q18.2:** Repeat an entire array 2 times using `np.tile()`\n",
      "\n",
      " [[ 0  1  2  0  1  2]\n",
      " [ 3  4  5  3  4  5]\n",
      " [ 6  7  8  6  7  8]\n",
      " [ 9 10 11  9 10 11]]\n",
      "\n",
      " **Q18.3:** Repeat a 2D array using `np.tile()`\n",
      "\n",
      " [[1 2 1 2]\n",
      " [3 4 3 4]]\n",
      "\n",
      " **Q18.4:** Create a pattern using `np.tile()`\n",
      "\n",
      " [[2 3 2 3 2 3 2 3]\n",
      " [4 5 4 5 4 5 4 5]\n",
      " [2 3 2 3 2 3 2 3]\n",
      " [4 5 4 5 4 5 4 5]\n",
      " [2 3 2 3 2 3 2 3]\n",
      " [4 5 4 5 4 5 4 5]\n",
      " [2 3 2 3 2 3 2 3]\n",
      " [4 5 4 5 4 5 4 5]]\n",
      "\n",
      " **Q18.5:** Repeat elements with different counts using `np.repeat()`\n",
      "\n",
      " [1 2 2 3 3 3]\n",
      "\n",
      " Question 19: Array Comparison and Logical Operations \n",
      "\n",
      " **Q19.1:** Compare two arrays for equality using `np.array_equal()`\n",
      "\n",
      " False\n",
      "\n",
      " **Q19.2:** Check if arrays are close using `np.allclose()`\n",
      "\n",
      " True\n",
      "\n",
      " **Q19.3:** Apply logical AND operation between arrays\n",
      "\n",
      " logical_and : [ True  True  True] \n",
      "\n",
      " [False  True  True  True]\n",
      "\n",
      " **Q19.4:** Apply logical OR operation between arrays\n",
      "\n",
      " logical_or : [ True  True  True]\n",
      "\n",
      " [ True False False  True]\n",
      "\n",
      " **Q19.5:** Apply logical NOT operation to an array\n",
      " [False False False]\n",
      "\n",
      " [ True  True False False]\n",
      "\n",
